Just a test data set to monkey around with data... 


CREATE DATABASE statly_db
USE statly_db

CREATE TABLE users (
  user_id INT NOT NULL,
  user_name VARCHAR(30) NOT NULL,
  PRIMARY KEY (user_id)
);

CREATE TABLE purchases (
  user_id INT NOT NULL,
  date_id INT NOT NULL
);

CREATE TABLE downloads (
  user_id INT NOT NULL,
  date_id INT NOT NULL
);

CREATE TABLE opens (
  user_id INT NOT NULL,
  date_id INT NOT NULL
);


INSERT INTO users
  (user_id, user_name)
VALUES
  (10, 'Asif'),
  (11, 'Benoit'),
  (12, 'Kelty'),
  (13, 'Vanessa'),
  (14, 'Ravi'),
  (15, 'Mike'),
  (16, 'Ray'),
  (17, 'Jesus'),
  (18, 'Nicole'),
  (19, 'Igor'),
  (20, 'Nikhil'),
  (21, 'John'),
  (22, 'Annie'),
  (23, 'Matt'),
  (24, 'Aparupa'),
  (25, 'Denny'),
  (26, 'Chris'),
  (27, 'Aravind'),
  (28, 'Jason'),
  (29, 'David');



INSERT INTO downloads
  (user_id, date_id)
VALUES
  (10, 20140416),
  (11, 20131127),
  (12, 20130809),
  (13, 20131125),
  (14, 20131228),
  (15, 20140303),
  (16, 20130802),
  (17, 20131006),
  (18, 20140407),
  (19, 20130903),
  (20, 20130810),
  (21, 20140321),
  (22, 20130917),
  (23, 20131124),
  (24, 20130925),
  (25, 20130827),
  (26, 20140210),
  (27, 20140118),
  (28, 20140120),
  (29, 20130917);

INSERT INTO purchases
  (user_id, date_id)
VALUES
  (19, 20131017),
  (20, 20131024),
  (19, 20131110),
  (20, 20131113),
  (22, 20131128),
  (29, 20131204),
  (19, 20131210),
  (20, 20131218),
  (22, 20131218),
  (29, 20131228),
  (22, 20131229),
  (19, 20140102),
  (20, 20140105),
  (13, 20140107),
  (23, 20140111),
  (22, 20140116),
  (19, 20140118),
  (29, 20140119),
  (20, 20140201),
  (23, 20140203),
  (13, 20140211),
  (19, 20140211),
  (17, 20140214),
  (27, 20140217),
  (29, 20140219),
  (14, 20140220),
  (22, 20140222),
  (20, 20140225),
  (16, 20140226),
  (17, 20140304),
  (23, 20140305),
  (14, 20140307),
  (19, 20140310),
  (27, 20140310),
  (29, 20140315),
  (13, 20140316),
  (20, 20140320),
  (22, 20140323),
  (28, 20140324),
  (16, 20140325),
  (23, 20140325),
  (17, 20140326),
  (14, 20140331),
  (27, 20140403),
  (19, 20140405),
  (29, 20140407),
  (20, 20140412),
  (24, 20140414),
  (13, 20140416),
  (15, 20140419),
  (23, 20140421),
  (28, 20140421),
  (22, 20140422),
  (16, 20140423),
  (21, 20140424),
  (17, 20140425),
  (14, 20140426),
  (19, 20140503),
  (27, 20140503),
  (29, 20140504),
  (13, 20140506),
  (12, 20140509),
  (15, 20140509),
  (16, 20140511),
  (20, 20140511),
  (28, 20140511),
  (21, 20140513),
  (22, 20140516),
  (14, 20140518),
  (24, 20140518),
  (17, 20140519),
  (10, 20140521),
  (23, 20140523),
  (26, 20140523),
  (27, 20140525),
  (20, 20140527),
  (29, 20140527),
  (15, 20140529),
  (13, 20140530),
  (21, 20140602),
  (19, 20140605),
  (28, 20140605),
  (16, 20140608),
  (12, 20140609),
  (24, 20140611),
  (22, 20140612),
  (14, 20140615),
  (10, 20140616),
  (26, 20140616),
  (29, 20140616),
  (17, 20140617),
  (15, 20140619),
  (21, 20140621),
  (27, 20140622),
  (20, 20140625),
  (13, 20140627),
  (23, 20140627),
  (12, 20140629),
  (19, 20140630),
  (26, 20140703),
  (18, 20140704),
  (22, 20140704),
  (15, 20140706),
  (29, 20140707),
  (16, 20140708),
  (28, 20140711),
  (24, 20140712),
  (14, 20140713),
  (25, 20140715),
  (27, 20140715),
  (10, 20140716),
  (17, 20140716),
  (21, 20140716),
  (23, 20140718),
  (20, 20140720),
  (12, 20140722),
  (26, 20140722),
  (11, 20140723),
  (15, 20140725),
  (18, 20140725);

INSERT INTO opens
  (user_id, date_id)
VALUES
  (16, 20130802),
  (16, 20130805),
  (16, 20130807),
  (12, 20130809),
  (20, 20130810),
  (20, 20130810),
  (20, 20130813),
  (12, 20130814),
  (12, 20130815),
  (12, 20130816),
  (16, 20130816),
  (12, 20130818),
  (16, 20130818),
  (20, 20130818),
  (12, 20130821),
  (20, 20130823),
  (12, 20130824),
  (16, 20130826),
  (25, 20130827),
  (12, 20130828),
  (20, 20130830),
  (12, 20130831),
  (16, 20130901),
  (16, 20130903),
  (19, 20130903),
  (20, 20130903),
  (19, 20130905),
  (12, 20130906),
  (25, 20130906),
  (25, 20130907),
  (16, 20130908),
  (16, 20130908),
  (20, 20130910),
  (16, 20130911),
  (19, 20130911),
  (25, 20130911),
  (19, 20130912),
  (20, 20130912),
  (16, 20130914),
  (19, 20130914),
  (12, 20130915),
  (20, 20130915),
  (25, 20130916),
  (22, 20130917),
  (29, 20130917),
  (12, 20130918),
  (19, 20130918),
  (25, 20130919),
  (19, 20130921),
  (20, 20130921),
  (22, 20130921),
  (12, 20130922),
  (16, 20130922),
  (16, 20130924),
  (29, 20130924),
  (12, 20130925),
  (20, 20130925),
  (24, 20130925),
  (25, 20130925),
  (22, 20130926),
  (16, 20130928),
  (19, 20130928),
  (22, 20130929),
  (25, 20130929),
  (12, 20130930),
  (24, 20130930),
  (25, 20130930),
  (29, 20130930),
  (16, 20131001),
  (20, 20131001),
  (29, 20131002),
  (12, 20131003),
  (16, 20131003),
  (24, 20131003),
  (25, 20131003),
  (12, 20131004),
  (19, 20131005),
  (22, 20131005),
  (17, 20131006),
  (24, 20131007),
  (25, 20131007),
  (29, 20131007),
  (12, 20131009),
  (16, 20131009),
  (20, 20131009),
  (22, 20131009),
  (17, 20131011),
  (19, 20131012),
  (20, 20131012),
  (24, 20131012),
  (16, 20131013),
  (16, 20131013),
  (25, 20131013),
  (29, 20131013),
  (24, 20131014),
  (17, 20131015),
  (22, 20131015),
  (12, 20131016),
  (16, 20131016),
  (20, 20131016),
  (19, 20131017),
  (25, 20131017),
  (29, 20131017),
  (19, 20131019),
  (24, 20131019),
  (25, 20131020),
  (12, 20131021),
  (17, 20131021),
  (20, 20131021),
  (16, 20131022),
  (22, 20131022),
  (12, 20131023),
  (24, 20131023),
  (25, 20131023),
  (29, 20131023),
  (20, 20131024),
  (22, 20131024),
  (16, 20131025),
  (19, 20131025),
  (22, 20131025),
  (24, 20131026),
  (25, 20131028),
  (12, 20131029),
  (17, 20131029),
  (25, 20131029),
  (29, 20131029),
  (16, 20131030),
  (20, 20131030),
  (17, 20131031),
  (22, 20131031),
  (16, 20131101),
  (17, 20131101),
  (24, 20131101),
  (19, 20131102),
  (12, 20131103),
  (24, 20131103),
  (16, 20131104),
  (22, 20131104),
  (25, 20131104),
  (12, 20131106),
  (17, 20131106),
  (29, 20131106),
  (12, 20131107),
  (22, 20131107),
  (24, 20131107),
  (19, 20131108),
  (29, 20131108),
  (16, 20131109),
  (17, 20131109),
  (25, 20131109),
  (12, 20131110),
  (19, 20131111),
  (20, 20131111),
  (24, 20131111),
  (17, 20131112),
  (29, 20131112),
  (12, 20131113),
  (16, 20131113),
  (25, 20131113),
  (25, 20131114),
  (29, 20131114),
  (17, 20131115),
  (20, 20131115),
  (24, 20131115),
  (22, 20131116),
  (17, 20131117),
  (25, 20131117),
  (16, 20131118),
  (17, 20131118),
  (19, 20131118),
  (12, 20131119),
  (24, 20131119),
  (25, 20131119),
  (29, 20131119),
  (19, 20131121),
  (22, 20131121),
  (24, 20131121),
  (29, 20131121),
  (16, 20131122),
  (20, 20131122),
  (12, 20131123),
  (17, 20131123),
  (19, 20131123),
  (29, 20131123),
  (23, 20131124),
  (24, 20131124),
  (24, 20131124),
  (13, 20131125),
  (16, 20131125),
  (20, 20131125),
  (16, 20131126),
  (17, 20131126),
  (19, 20131126),
  (25, 20131126),
  (11, 20131127),
  (12, 20131127),
  (23, 20131127),
  (24, 20131127),
  (22, 20131128),
  (12, 20131129),
  (13, 20131129),
  (16, 20131129),
  (22, 20131129),
  (29, 20131129),
  (12, 20131130),
  (13, 20131130),
  (17, 20131130),
  (22, 20131130),
  (25, 20131130),
  (29, 20131130),
  (12, 20131201),
  (20, 20131201),
  (22, 20131201),
  (23, 20131201),
  (24, 20131201),
  (11, 20131202),
  (13, 20131203),
  (16, 20131203),
  (20, 20131203),
  (29, 20131203),
  (12, 20131204),
  (29, 20131204),
  (20, 20131205),
  (22, 20131205),
  (23, 20131205),
  (24, 20131205),
  (12, 20131206),
  (17, 20131206),
  (19, 20131206),
  (24, 20131206),
  (12, 20131207),
  (13, 20131207),
  (16, 20131207),
  (25, 20131207),
  (11, 20131208),
  (16, 20131209),
  (11, 20131210),
  (12, 20131210),
  (13, 20131210),
  (17, 20131210),
  (22, 20131210),
  (29, 20131210),
  (16, 20131212),
  (23, 20131212),
  (25, 20131212),
  (11, 20131213),
  (24, 20131213),
  (29, 20131213),
  (16, 20131214),
  (19, 20131214),
  (12, 20131215),
  (13, 20131215),
  (20, 20131215),
  (22, 20131215),
  (23, 20131215),
  (13, 20131216),
  (22, 20131216),
  (22, 20131217),
  (25, 20131217),
  (29, 20131217),
  (11, 20131218),
  (17, 20131218),
  (19, 20131218),
  (23, 20131218),
  (11, 20131219),
  (11, 20131219),
  (12, 20131219),
  (13, 20131219),
  (16, 20131219),
  (25, 20131219),
  (16, 20131220),
  (16, 20131220),
  (24, 20131220),
  (12, 20131221),
  (20, 20131221),
  (29, 20131221),
  (11, 20131222),
  (16, 20131222),
  (19, 20131222),
  (20, 20131222),
  (29, 20131222),
  (12, 20131223),
  (13, 20131223),
  (22, 20131223),
  (12, 20131224),
  (19, 20131224),
  (23, 20131224),
  (11, 20131225),
  (16, 20131225),
  (20, 20131225),
  (23, 20131225),
  (11, 20131226),
  (17, 20131226),
  (24, 20131226),
  (25, 20131226),
  (22, 20131227),
  (22, 20131227),
  (13, 20131228),
  (14, 20131228),
  (16, 20131228),
  (13, 20131229),
  (20, 20131229),
  (22, 20131229),
  (25, 20131229),
  (12, 20131230),
  (13, 20131230),
  (23, 20131231),
  (23, 20131231),
  (25, 20131231),
  (29, 20131231),
  (12, 20140101),
  (14, 20140101),
  (17, 20140101),
  (19, 20140101),
  (22, 20140101),
  (11, 20140102),
  (12, 20140102),
  (16, 20140102),
  (20, 20140102),
  (24, 20140102),
  (13, 20140103),
  (14, 20140103),
  (16, 20140103),
  (19, 20140103),
  (23, 20140104),
  (29, 20140104),
  (16, 20140105),
  (17, 20140105),
  (22, 20140105),
  (11, 20140106),
  (12, 20140106),
  (20, 20140106),
  (22, 20140106),
  (23, 20140106),
  (25, 20140106),
  (25, 20140106),
  (13, 20140107),
  (14, 20140107),
  (24, 20140107),
  (29, 20140107),
  (12, 20140108),
  (14, 20140109),
  (23, 20140109),
  (11, 20140110),
  (16, 20140110),
  (17, 20140110),
  (19, 20140110),
  (22, 20140110),
  (29, 20140110),
  (12, 20140111),
  (13, 20140111),
  (20, 20140111),
  (23, 20140111),
  (17, 20140112),
  (19, 20140112),
  (25, 20140112),
  (16, 20140113),
  (19, 20140113),
  (12, 20140114),
  (13, 20140114),
  (14, 20140114),
  (23, 20140114),
  (29, 20140114),
  (17, 20140115),
  (20, 20140115),
  (22, 20140115),
  (25, 20140115),
  (16, 20140116),
  (24, 20140116),
  (11, 20140117),
  (17, 20140117),
  (12, 20140118),
  (19, 20140118),
  (27, 20140118),
  (13, 20140119),
  (23, 20140119),
  (25, 20140119),
  (29, 20140119),
  (20, 20140120),
  (24, 20140120),
  (28, 20140120),
  (16, 20140121),
  (19, 20140121),
  (12, 20140122),
  (20, 20140122),
  (22, 20140122),
  (23, 20140122),
  (27, 20140122),
  (17, 20140123),
  (23, 20140123),
  (11, 20140124),
  (16, 20140124),
  (25, 20140124),
  (27, 20140124),
  (29, 20140124),
  (12, 20140125),
  (13, 20140125),
  (16, 20140125),
  (19, 20140126),
  (20, 20140126),
  (23, 20140126),
  (24, 20140126),
  (13, 20140127),
  (14, 20140127),
  (17, 20140127),
  (22, 20140127),
  (24, 20140127),
  (27, 20140127),
  (29, 20140127),
  (12, 20140128),
  (14, 20140128),
  (28, 20140128),
  (12, 20140129),
  (17, 20140129),
  (19, 20140129),
  (22, 20140129),
  (23, 20140129),
  (27, 20140129),
  (13, 20140130),
  (16, 20140130),
  (29, 20140130),
  (11, 20140131),
  (23, 20140131),
  (17, 20140201),
  (28, 20140201),
  (12, 20140202),
  (13, 20140202),
  (25, 20140202),
  (13, 20140203),
  (16, 20140203),
  (17, 20140203),
  (22, 20140203),
  (24, 20140203),
  (27, 20140203),
  (12, 20140204),
  (29, 20140204),
  (14, 20140205),
  (19, 20140205),
  (20, 20140205),
  (22, 20140205),
  (23, 20140205),
  (11, 20140206),
  (12, 20140206),
  (16, 20140206),
  (17, 20140206),
  (28, 20140206),
  (25, 20140207),
  (29, 20140207),
  (12, 20140208),
  (17, 20140208),
  (19, 20140208),
  (25, 20140208),
  (20, 20140209),
  (24, 20140209),
  (28, 20140209),
  (13, 20140210),
  (16, 20140210),
  (23, 20140210),
  (26, 20140210),
  (27, 20140210),
  (14, 20140211),
  (17, 20140211),
  (29, 20140211),
  (11, 20140212),
  (20, 20140212),
  (23, 20140212),
  (25, 20140212),
  (26, 20140212),
  (29, 20140212),
  (19, 20140213),
  (22, 20140213),
  (24, 20140213),
  (27, 20140213),
  (13, 20140214),
  (14, 20140214),
  (17, 20140214),
  (28, 20140214),
  (12, 20140215),
  (16, 20140215),
  (20, 20140215),
  (23, 20140215),
  (25, 20140215),
  (11, 20140216),
  (17, 20140216),
  (11, 20140217),
  (13, 20140217),
  (19, 20140217),
  (24, 20140217),
  (27, 20140217),
  (11, 20140218),
  (26, 20140218),
  (29, 20140218),
  (12, 20140219),
  (13, 20140219),
  (24, 20140219),
  (27, 20140219),
  (11, 20140220),
  (14, 20140220),
  (16, 20140220),
  (17, 20140220),
  (19, 20140220),
  (20, 20140220),
  (22, 20140220),
  (23, 20140220),
  (25, 20140221),
  (28, 20140221),
  (14, 20140222),
  (29, 20140222),
  (12, 20140223),
  (13, 20140223),
  (14, 20140223),
  (22, 20140223),
  (22, 20140223),
  (23, 20140223),
  (19, 20140224),
  (26, 20140224),
  (27, 20140224),
  (11, 20140225),
  (12, 20140225),
  (17, 20140225),
  (20, 20140225),
  (26, 20140225),
  (16, 20140226),
  (19, 20140226),
  (24, 20140226),
  (14, 20140227),
  (17, 20140227),
  (20, 20140227),
  (26, 20140227),
  (27, 20140227),
  (22, 20140228),
  (25, 20140228),
  (28, 20140228),
  (11, 20140301),
  (24, 20140301),
  (29, 20140301),
  (13, 20140302),
  (16, 20140302),
  (20, 20140302),
  (23, 20140302),
  (26, 20140302),
  (15, 20140303),
  (19, 20140303),
  (23, 20140303),
  (14, 20140304),
  (22, 20140304),
  (23, 20140304),
  (27, 20140304),
  (28, 20140304),
  (12, 20140305),
  (16, 20140305),
  (17, 20140305),
  (13, 20140306),
  (13, 20140306),
  (15, 20140306),
  (23, 20140306),
  (24, 20140306),
  (26, 20140306),
  (27, 20140306),
  (28, 20140306),
  (29, 20140306),
  (11, 20140308),
  (14, 20140308),
  (17, 20140308),
  (22, 20140308),
  (23, 20140308),
  (25, 20140308),
  (29, 20140308),
  (13, 20140309),
  (14, 20140309),
  (16, 20140309),
  (20, 20140309),
  (26, 20140309),
  (27, 20140309),
  (11, 20140310),
  (15, 20140310),
  (24, 20140310),
  (28, 20140310),
  (12, 20140311),
  (19, 20140311),
  (20, 20140311),
  (25, 20140311),
  (27, 20140311),
  (13, 20140312),
  (13, 20140312),
  (16, 20140312),
  (17, 20140312),
  (23, 20140312),
  (26, 20140312),
  (15, 20140313),
  (20, 20140313),
  (24, 20140313),
  (26, 20140313),
  (29, 20140313),
  (25, 20140314),
  (27, 20140314),
  (11, 20140315),
  (12, 20140315),
  (14, 20140315),
  (25, 20140315),
  (27, 20140315),
  (13, 20140316),
  (14, 20140316),
  (22, 20140316),
  (23, 20140316),
  (24, 20140316),
  (28, 20140316),
  (15, 20140317),
  (19, 20140317),
  (26, 20140317),
  (13, 20140318),
  (14, 20140318),
  (20, 20140318),
  (20, 20140318),
  (23, 20140318),
  (26, 20140318),
  (29, 20140318),
  (12, 20140319),
  (13, 20140319),
  (15, 20140319),
  (16, 20140319),
  (17, 20140319),
  (22, 20140319),
  (23, 20140319),
  (19, 20140320),
  (25, 20140320),
  (27, 20140320),
  (28, 20140320),
  (29, 20140320),
  (12, 20140321),
  (17, 20140321),
  (20, 20140321),
  (21, 20140321),
  (11, 20140322),
  (13, 20140322),
  (15, 20140322),
  (22, 20140322),
  (29, 20140322),
  (23, 20140323),
  (24, 20140323),
  (12, 20140324),
  (16, 20140324),
  (19, 20140324),
  (28, 20140324),
  (11, 20140325),
  (17, 20140325),
  (26, 20140325),
  (13, 20140326),
  (20, 20140326),
  (21, 20140326),
  (27, 20140326),
  (29, 20140326),
  (15, 20140327),
  (16, 20140327),
  (25, 20140327),
  (11, 20140328),
  (14, 20140328),
  (24, 20140328),
  (28, 20140328),
  (16, 20140329),
  (17, 20140329),
  (22, 20140329),
  (26, 20140329),
  (11, 20140330),
  (12, 20140330),
  (19, 20140330),
  (20, 20140330),
  (23, 20140330),
  (23, 20140330),
  (27, 20140330),
  (28, 20140330),
  (21, 20140331),
  (14, 20140401),
  (20, 20140401),
  (22, 20140401),
  (26, 20140401),
  (15, 20140402),
  (21, 20140402),
  (16, 20140403),
  (20, 20140403),
  (28, 20140403),
  (29, 20140403),
  (12, 20140404),
  (17, 20140404),
  (22, 20140404),
  (23, 20140404),
  (24, 20140404),
  (11, 20140405),
  (13, 20140405),
  (14, 20140405),
  (19, 20140405),
  (21, 20140405),
  (25, 20140405),
  (26, 20140405),
  (27, 20140405),
  (15, 20140407),
  (16, 20140407),
  (17, 20140407),
  (18, 20140407),
  (24, 20140407),
  (25, 20140407),
  (17, 20140408),
  (22, 20140408),
  (23, 20140408),
  (29, 20140408),
  (15, 20140409),
  (19, 20140409),
  (20, 20140409),
  (24, 20140409),
  (27, 20140409),
  (11, 20140410),
  (12, 20140410),
  (13, 20140410),
  (14, 20140410),
  (19, 20140410),
  (22, 20140410),
  (25, 20140410),
  (26, 20140410),
  (28, 20140410),
  (13, 20140411),
  (16, 20140411),
  (21, 20140411),
  (22, 20140411),
  (27, 20140411),
  (17, 20140412),
  (18, 20140412),
  (20, 20140412),
  (26, 20140412),
  (11, 20140413),
  (11, 20140413),
  (13, 20140413),
  (15, 20140413),
  (23, 20140413),
  (25, 20140413),
  (28, 20140413),
  (14, 20140414),
  (15, 20140414),
  (24, 20140414),
  (13, 20140415),
  (14, 20140415),
  (16, 20140415),
  (17, 20140415),
  (18, 20140415),
  (22, 20140415),
  (27, 20140415),
  (29, 20140415),
  (10, 20140416),
  (11, 20140416),
  (14, 20140416),
  (16, 20140416),
  (20, 20140416),
  (21, 20140416),
  (26, 20140416),
  (12, 20140417),
  (14, 20140417),
  (16, 20140417),
  (19, 20140417),
  (24, 20140417),
  (16, 20140418),
  (17, 20140418),
  (23, 20140418),
  (25, 20140418),
  (29, 20140418),
  (13, 20140419),
  (14, 20140419),
  (15, 20140419),
  (20, 20140419),
  (21, 20140419),
  (22, 20140419),
  (24, 20140419),
  (28, 20140419),
  (10, 20140420),
  (16, 20140420),
  (17, 20140420),
  (18, 20140420),
  (25, 20140420),
  (29, 20140420),
  (11, 20140421),
  (15, 20140421),
  (22, 20140421),
  (23, 20140421),
  (24, 20140421),
  (25, 20140421),
  (26, 20140421),
  (12, 20140422),
  (13, 20140422),
  (27, 20140422),
  (28, 20140422),
  (18, 20140423),
  (20, 20140423),
  (22, 20140423),
  (29, 20140423),
  (13, 20140424),
  (16, 20140424),
  (18, 20140424),
  (21, 20140424),
  (12, 20140425),
  (14, 20140425),
  (25, 20140425),
  (26, 20140425),
  (24, 20140426),
  (27, 20140426),
  (29, 20140426),
  (12, 20140427),
  (13, 20140427),
  (15, 20140427),
  (17, 20140427),
  (20, 20140427),
  (23, 20140427),
  (14, 20140428),
  (18, 20140428),
  (25, 20140428),
  (29, 20140428),
  (12, 20140429),
  (21, 20140429),
  (25, 20140429),
  (27, 20140429),
  (10, 20140430),
  (15, 20140430),
  (17, 20140430),
  (19, 20140430),
  (22, 20140430),
  (28, 20140430),
  (12, 20140501),
  (20, 20140501),
  (26, 20140501),
  (29, 20140501),
  (13, 20140502),
  (14, 20140502),
  (16, 20140502),
  (28, 20140502),
  (10, 20140503),
  (11, 20140503),
  (17, 20140503),
  (18, 20140503),
  (22, 20140503),
  (25, 20140503),
  (17, 20140504),
  (19, 20140504),
  (21, 20140504),
  (23, 20140504),
  (29, 20140504),
  (13, 20140505),
  (14, 20140505),
  (15, 20140505),
  (22, 20140505),
  (23, 20140505),
  (26, 20140505),
  (28, 20140505),
  (12, 20140506),
  (18, 20140506),
  (20, 20140506),
  (24, 20140506),
  (27, 20140506),
  (28, 20140506),
  (28, 20140507),
  (10, 20140508),
  (11, 20140508),
  (16, 20140508),
  (19, 20140508),
  (21, 20140508),
  (22, 20140508),
  (27, 20140508),
  (12, 20140509),
  (13, 20140509),
  (20, 20140509),
  (25, 20140509),
  (26, 20140509),
  (11, 20140510),
  (15, 20140510),
  (18, 20140510),
  (22, 20140510),
  (23, 20140510),
  (25, 20140510),
  (13, 20140511),
  (13, 20140511),
  (14, 20140511),
  (14, 20140511),
  (26, 20140511),
  (27, 20140511),
  (28, 20140511),
  (29, 20140511),
  (16, 20140512),
  (21, 20140512),
  (23, 20140512),
  (24, 20140512),
  (10, 20140513),
  (17, 20140513),
  (15, 20140514),
  (22, 20140514),
  (25, 20140514),
  (16, 20140515),
  (17, 20140515),
  (19, 20140515),
  (21, 20140515),
  (24, 20140515),
  (12, 20140516),
  (18, 20140516),
  (26, 20140516),
  (11, 20140517),
  (13, 20140517),
  (14, 20140517),
  (20, 20140517),
  (22, 20140517),
  (23, 20140517),
  (27, 20140517),
  (28, 20140517),
  (29, 20140517),
  (10, 20140518),
  (13, 20140519),
  (19, 20140519),
  (24, 20140519),
  (14, 20140520),
  (15, 20140520),
  (16, 20140520),
  (17, 20140520),
  (21, 20140520),
  (22, 20140520),
  (23, 20140520),
  (10, 20140521),
  (14, 20140521),
  (17, 20140521),
  (25, 20140521),
  (27, 20140521),
  (29, 20140521),
  (12, 20140522),
  (13, 20140522),
  (16, 20140522),
  (29, 20140522),
  (10, 20140523),
  (11, 20140523),
  (14, 20140523),
  (23, 20140523),
  (26, 20140523),
  (28, 20140523),
  (11, 20140524),
  (15, 20140524),
  (19, 20140524),
  (23, 20140524),
  (25, 20140524),
  (25, 20140524),
  (13, 20140525),
  (18, 20140525),
  (20, 20140525),
  (21, 20140525),
  (26, 20140525),
  (27, 20140525),
  (23, 20140526),
  (24, 20140526),
  (28, 20140526),
  (29, 20140526),
  (13, 20140527),
  (17, 20140527),
  (19, 20140527),
  (22, 20140527),
  (23, 20140527),
  (25, 20140527),
  (10, 20140528),
  (11, 20140528),
  (12, 20140528),
  (18, 20140528),
  (27, 20140528),
  (14, 20140529),
  (16, 20140529),
  (28, 20140529),
  (15, 20140530),
  (19, 20140530),
  (25, 20140530),
  (26, 20140530),
  (10, 20140531),
  (13, 20140531),
  (17, 20140531),
  (21, 20140531),
  (29, 20140531),
  (12, 20140601),
  (20, 20140601),
  (22, 20140601),
  (24, 20140601),
  (27, 20140601),
  (10, 20140602),
  (14, 20140602),
  (28, 20140602),
  (11, 20140603),
  (16, 20140603),
  (18, 20140603),
  (23, 20140603),
  (27, 20140603),
  (12, 20140604),
  (17, 20140604),
  (24, 20140604),
  (29, 20140604),
  (15, 20140605),
  (23, 20140605),
  (13, 20140606),
  (14, 20140606),
  (16, 20140606),
  (19, 20140606),
  (22, 20140606),
  (27, 20140606),
  (29, 20140606),
  (29, 20140606),
  (10, 20140607),
  (15, 20140607),
  (18, 20140607),
  (20, 20140607),
  (21, 20140607),
  (26, 20140607),
  (26, 20140607),
  (13, 20140608),
  (16, 20140608),
  (17, 20140608),
  (18, 20140608),
  (23, 20140608),
  (24, 20140608),
  (25, 20140608),
  (19, 20140609),
  (28, 20140609),
  (10, 20140610),
  (11, 20140610),
  (14, 20140610),
  (15, 20140610),
  (22, 20140610),
  (24, 20140610),
  (25, 20140610),
  (12, 20140611),
  (13, 20140611),
  (20, 20140611),
  (27, 20140611),
  (16, 20140612),
  (18, 20140612),
  (22, 20140612),
  (24, 20140612),
  (13, 20140613),
  (21, 20140613),
  (23, 20140613),
  (29, 20140613),
  (14, 20140614),
  (17, 20140614),
  (22, 20140614),
  (25, 20140614),
  (26, 20140614),
  (27, 20140614),
  (10, 20140615),
  (12, 20140615),
  (21, 20140615),
  (24, 20140615),
  (28, 20140615),
  (29, 20140615),
  (11, 20140616),
  (20, 20140616),
  (22, 20140616),
  (25, 20140616),
  (10, 20140617),
  (12, 20140617),
  (16, 20140617),
  (27, 20140617),
  (12, 20140618),
  (15, 20140618),
  (19, 20140618),
  (20, 20140618),
  (23, 20140618),
  (23, 20140618),
  (29, 20140618),
  (10, 20140619),
  (11, 20140619),
  (18, 20140619),
  (22, 20140619),
  (24, 20140619),
  (26, 20140619),
  (14, 20140620),
  (17, 20140620),
  (18, 20140620),
  (19, 20140620),
  (23, 20140620),
  (12, 20140621),
  (13, 20140621),
  (18, 20140621),
  (28, 20140621),
  (29, 20140621),
  (10, 20140622),
  (23, 20140622),
  (25, 20140622),
  (11, 20140623),
  (12, 20140623),
  (16, 20140623),
  (20, 20140623),
  (21, 20140623),
  (22, 20140623),
  (26, 20140623),
  (15, 20140624),
  (25, 20140624),
  (27, 20140624),
  (29, 20140624),
  (13, 20140625),
  (17, 20140625),
  (18, 20140625),
  (19, 20140625),
  (24, 20140625),
  (24, 20140625),
  (12, 20140626),
  (14, 20140626),
  (20, 20140626),
  (21, 20140626),
  (10, 20140627),
  (11, 20140627),
  (16, 20140627),
  (17, 20140627),
  (25, 20140627),
  (18, 20140628),
  (26, 20140628),
  (26, 20140628),
  (27, 20140628),
  (29, 20140628),
  (11, 20140629),
  (15, 20140629),
  (16, 20140629),
  (20, 20140629),
  (22, 20140629),
  (24, 20140630),
  (28, 20140630),
  (13, 20140701),
  (17, 20140701),
  (19, 20140701),
  (23, 20140701),
  (25, 20140701),
  (12, 20140702),
  (14, 20140702),
  (18, 20140702),
  (20, 20140702),
  (29, 20140702),
  (10, 20140703),
  (15, 20140703),
  (21, 20140703),
  (22, 20140703),
  (23, 20140703),
  (23, 20140703),
  (24, 20140703),
  (28, 20140703),
  (16, 20140704),
  (18, 20140704),
  (26, 20140704),
  (27, 20140704),
  (12, 20140705),
  (13, 20140705),
  (11, 20140706),
  (14, 20140706),
  (15, 20140706),
  (17, 20140706),
  (23, 20140706),
  (28, 20140706),
  (11, 20140707),
  (20, 20140707),
  (22, 20140707),
  (27, 20140707),
  (18, 20140708),
  (19, 20140708),
  (24, 20140708),
  (25, 20140708),
  (10, 20140709),
  (16, 20140709),
  (22, 20140709),
  (26, 20140709),
  (28, 20140709),
  (13, 20140710),
  (14, 20140710),
  (17, 20140710),
  (18, 20140710),
  (19, 20140710),
  (21, 20140710),
  (25, 20140710),
  (27, 20140710),
  (29, 20140710),
  (15, 20140711),
  (15, 20140712),
  (21, 20140712),
  (22, 20140712),
  (24, 20140712),
  (26, 20140712),
  (10, 20140713),
  (18, 20140713),
  (21, 20140713),
  (23, 20140713),
  (13, 20140714),
  (17, 20140714),
  (19, 20140714),
  (12, 20140715),
  (14, 20140715),
  (16, 20140715),
  (17, 20140715),
  (20, 20140715),
  (21, 20140715),
  (23, 20140715),
  (24, 20140715),
  (25, 20140715),
  (27, 20140715),
  (10, 20140716),
  (11, 20140716),
  (14, 20140716),
  (18, 20140716),
  (24, 20140716),
  (25, 20140716),
  (26, 20140716),
  (29, 20140716),
  (15, 20140717),
  (18, 20140717),
  (22, 20140717),
  (23, 20140717),
  (10, 20140718),
  (12, 20140718),
  (13, 20140718),
  (15, 20140718),
  (21, 20140718),
  (22, 20140718),
  (16, 20140719),
  (16, 20140719),
  (17, 20140719),
  (17, 20140719),
  (25, 20140719),
  (29, 20140719),
  (13, 20140720),
  (15, 20140720),
  (19, 20140720),
  (27, 20140720),
  (28, 20140720),
  (12, 20140721),
  (16, 20140721),
  (13, 20140722),
  (14, 20140722),
  (20, 20140722),
  (21, 20140722),
  (22, 20140722),
  (23, 20140722),
  (26, 20140722),
  (10, 20140723),
  (11, 20140723),
  (11, 20140723),
  (13, 20140723),
  (18, 20140723),
  (19, 20140723),
  (24, 20140723),
  (12, 20140724),
  (17, 20140724),
  (26, 20140724),
  (29, 20140724),
  (10, 20140725),
  (16, 20140725),
  (20, 20140725),
  (21, 20140725),
  (23, 20140725),
  (28, 20140725);
